
100
010010010011010011101001001101100011011000100001101001001110010011011101111110010010110101100111111001110010011010010000011000011111000011011100001011010111110000100011111011111010011011100011001000000101010101000
01000101001100000010110110010000010000100011011011100111110101100000010111001100011100010100000000001010110011
1000101000100100100110101000111101111010000011001001011011011101010101100011110000101000001111011011101100110100110001001011110011100100110100111011111010111010111101010010001100111001110011110000100101101000011111001010001000110101011111110100010111011101110000101010011000001100000010111011001000001011010100110111100001111010110011011001000011110010111110100111111011111011100101000110000011100001000101010010010001001101001100000100001010111110100011111101110100
00011100010000111000111000010000111001101111100001010111100101010100110001111011110110000100000010001001000101110101110100000001000100000000111100101111111111011001100100011111101011100010111000010001000101011000110101111101100100001111010010000100011101011011111000110111010000011100111010000100011010110110111100111000
011111111101111000011111010011110001000110001011010100101100001001001011101000001011001100100010011110000010010010100110111110111010111110001000010100111000000101010110110010001110101010010010110001010011011100111110101100101101000001001111011100110001111011011001001110011101010000110011110000100010111010011011110110011011111110100111110011000010011000111101101110001001001011010110011100010011011001100001110000001001000001111011101101000101101001100100111010
100011110011110100000110000000111110101100011001000001101111100000010101100101011011100111011111100110
1010100011110011100011010011100001011110011010000010111110000011110000101010110111100011110101010101111010001000010001011001110100011011011011011101000100011101110111010110101011111111110101000111010100110011000111111101001010101010001001101101110000110110110111111011100110001001000010001010101010000011010110010101100011000111111111010
0010111110010100101010111000100101001110011001100001100000001111011111110011001011101000010101101000111000101000110110101111000110101001111011011000010000100101110100010011110010111111110000101
1101001111001100100011111011010100010000110000110100011011110100011010001001111101110110001010011000000110000110011100100000001101100111001010
0101100110111000000101011001000000110111100001111101000010110110100011101010101011111110111100000001110011001100011001010010010110000001110000010010110111100011011001010001000001110100000001100010110010110101010001001001111010001000010100001011111001110111101100111100100001101001100110000010011101101000100000100011000001000011111111101110100001101101111111000111101
1001101100010011100011110001100000111011110111010011101011101100001100011001000011100001001111111100101110010011100110010100101010000011010011010001010100110001000101001110011010111101011001001010100011110001011111111011111011011110001111011110101000110011100010010001111000010110001010100011011011010111100110110011010111010110111100010100111111100111010011001111001011001010100111011000100001001100010110000010011111100
1001000000110010010110011100001100000010001010010111110111111100100101100111110101101110001011001011011000110110100011000101000101000100010011001100000010010001101010011010100010110101
000001101101010011011000110110110111111001101110011011010000011101010110101000001100001011010001100100110010011101000101110111001111100111010110010001110011111000010011011000101111001000111000001100001111100011001100101001011000000001111101001011001100111011011111011001111010110100111000100011000101010111100110100100110100100110011000110100010001000010000001000110101001001001101001011111000111111111011111111
1011110001000011110001100011110011000001111111100100010110011010010000111110000010001111110001001001000011011111111100011011111010100001100111010101100000011101111111011001100010100100101101011110011101011010000001011001101010111011011100001011110111011111100111011101001110000011100
100100010001010011100110101100000010010010111111101110111001001000101111100100010100011111001001011000101111110000001110000101000101011110001001000111111001100100000111111010010000111110000000100101010101100000010101110010000110010110000100101100111110101110010001011000010110100011101010010010111111111110000011101100100111001110100001001000110000001010010110100100000000010110110000001110100100000000111100110000000111001001100100011101001001001011111001011000001000100000100101011111
10010001001011001011001100001111110000100000100001100010000111011111101001011011101100000010001110000100001100000110110001001110111101100010
100000110111111001110010110100111111110100101000101001000011010100001111101000000000100100001101101011101110110110100000000110001000101010001011001001000111100000110011001100011011100111101111100000100110101001011010100111001101101111101111010111101110101011001110001110011100010010000101101000100000001110101100100101011111100000000110100100110010111011001000000000010000000101110111010110111001000011111101000011011000000100000101011101001010111
1011011011010010001011111011111010111010010011111000011111000001010001000001111001100011101101000000110111110010100110000100000011100101010110100011010000000001110110111100100001100100100000100111100001011011111101101101011011101111011100011110000100101000111100011101011100110100110
001110000110011000010101101000100110100011010101000010100110100110110111010100000010000011100101110111010101101000001010001011110001111001110010111000000101010111010110101101110010000010000011110111101110001011111100000001101010110101101000110010110110100000001011
010011011001111101000010011000101100001111000110111110111011001101100101001101110000011111011101110100010100011101100001100100010000001111101111001101000110111101
011101100011010100000110001000011101010011101011011000010111110000110111111011110011010001110110001001110111000001100100001010110010111100000000100111101000010101110110110001011110000111110100100111000000110001101110000100110101000110101111001010001011100100101110110101011011011100010000111000001010011110001111100001010111011100101011001010110011110110011101101101011110101000110111110110000011110001001000011000100111011011100101011011010100010011111010111
011100111111011000011100001110111000011
000110100011100101111000110100110100110111111101010101110000011011001000011100101111000001100011010100101111101000000011101000100110110001110010010101011110010000001001100101111001100110111111111010110100101001111101110010001111100100010110100010110011011110001001100111001010001001100101100010100111010111001100000110001010000001001000100011001110110001000010010110100000110001010000001010011000110110101101001111111010011111101100011111110001100001110001000110111010000000110111
000101101001111001001000110011011000110110010110111011001100001000011001110101110001001111101001000001110100000000100010100010110110000010110111101101111110100101000011001110001111011000001011011010100011111001110010110000101001111100111011100111001001011011100000011110011100000110011110001101100111100011011010010111010100001010100011111000101
000000101100110001010101001111011011100010000000111001100111010101111110110110111010000010111111000111100100111100100100111100000111000110101011001001010000010101001010001000101111010111100010110100100001101010110101001000010100100101011010001000000110011000010010110011000000000001001101101100001001111111110010110000000110110011
10001000001010000000010001101000000100100000000000101111001101100010001101100100111000110000000001001111101111101001010001001001101001111001011100001111011101010100011001100010011000101111011011010110000111111011010001101010111011011100000101110110001110101100010100000001110001001100111101100100001001110110000010010100111111011111010000010011110110100011110001100001000011100011001011100111101100000001101000101110000001110100111111111011100011011001
10001010111100001010011111001000001100101111110111111000110010110011001010111101110011010111100001110011000100011111010001100100111110011101110101000001111101010101010100011001101101000111010011110100001100110001011000110011110100100000011111010101110111000011001011010100101111011000011010101100011100110010011101100000100010011100111000000110000110100101101111111011111100100111101011111001010111000110100110110010001111010001100111100011000011010101010010010001101100101100111101010
1001101111100101111010101101001001111110000000010111100000100001100011010010011001011011000000110011110110101100001101101110101001100010010100101111000111111110000001000000110000100100011000000011111001011111100100101000000101001101100011101101110100101111111011100101010110101111100001011110100110011000011000101101100001011000001111011111111000110110011111110011010100011001011010110011001010111101100000000111100101100001010110000011111100010011001000101110111110001011010101001101111
001110010111110101000000001111011001010101010101011010010010111010101111110100001011010011001010000101011001010011110110100001000110011111110111000000010110010001010101110100100110111100110110001010101000010001101011110100110111110010011111001111100110101111100111110001110101011010000000110101011011100111010111100000011001000101011111010010000000001111011001100011111000000001001110011111000001001101101101001010011000100100100010100000100001010110100101111011001101110010111000
1110101011100101110010100010000111101001011001111110000000000011001101000000111010110110110111011111010010010111100101110111011110111101100101010010101100100001010100011011010001010110000000101111001100001001001000000000110001001110110001001101101101110101001011000000100
100000111000101000011010000001101100101101
000000000010010001101101000111011010110111111101111001110101010011000011100000110010001010111110011010111111010011011010001111110010101000101101000100100010111011001101111101000010001110101001101110011000100100010101110110011100101101101110111001100111010100101111001011010111001000101011001110100000101010110010000101010001011101111010001000101111100101000010100101100110101010000010101000011001
000110011100110101100100101001001010001011000011101110010110011110110011011001111111110101110001100100101011101110001011110111001001010011111
010011011101010001001111100011110110111001100000110001110111101100110010101001000100001011001101110101010110000111111100001111100100100111111000100010010101011111101110100000110111100111000111101000111111101010100010110111101001110000100000110110101100010011100001001001010110100000101101001100000100010001011111100100000110110101000010111000001011011101100011111110100010010111010001101100010
01010011110111110111001101000000111110001000110001110000100101100011000100001001110111101010100101001010010110111100000001011001101110110111100011001001100000110001011000010011111011101101111011101001001010000111100000010111011110100001000001011011011000011101111011100100001000110010111010101001001011000100111101010111110
100101100100001010111100101011100100010110110010111000010001111111011000101101110100100100001110110000010101000010101111111001110110111010110101011100011011101110010111100110011101110010000110111110000101101101010101101111100001000010010100000110000001111101100111110100001010001001110000011000111011011111011111000000100000000101000101000111011011
0010010011001101111111001110011110111001101110001111011001010101110010111100101010100100001011101100001111101001101111111110
0011001010110100011000110001101101011010011000101000111110000111000101000111101100111001001101001001101010110001010011101011110010100101110000101101011000111100110101100100011101011111100000010110000010111010111010100010010
0110111000010111000101011110010101111001000010010011110101101111111011101
0010100010111100011110000011001000110101110011010001011110010110000000011000101000111100101000001001000010001001000110101001011111000101101000000011101000111000110100011001000001110010001100001011100000100101110110100111111000110110000000111001011000110010101100000000101001101001101100111011011011101011001110000110000101000101010001101110110111111101001010011011111000110101110010010101100100011011000000111110110110000110101000
0111110000111111011010011001000011100001000111010011010010110000110011111110011010100101111111110010101010010111101111101010111110100101100111101000010110101110110000110011101101100011011101110110111110000111111111110000111101110101101011100001110110111101000010100001110100011010001110010011001010001001001110110110111101001110111111011100110001010100001000011100011001000001100011001101101001000101011111011010110110001111111110011100001110000011101010100001000101001100001000110010100110011011
1110110100011110111100000010100001010111110101
110110110110010011110001111010111100110111010000011011100011000000010011110010011110001000110010010001110011011000001101100001001011100100111010010111101101111010111101110111101110000101010011000111110100110001010000111110110111000110101100001011000101111100110101010100101010010010001100111101000000110001001000100010001110000000010110010100111010001010000001
101001011011100101000010011000110010110011010000100101001111100111000010111111110100101010100101000001010111100101111011001111011011101110100110011010100011010100110011000011100000110111110110100101101100010100
11101010011101101011100101011000011110101110000001111101101011111000010001011011100001111010001101111011110111000100011100001111100001100011111101101001101010100001101000111110000110000100110011111011000111100011001111110110001100000110010011111001110011011111111100111110110010110111010101011101000110001010001000101001100001001010011110000100001101111101001101010100100100000110000100100000101010000010010100100100111111011110110011011101100110011100001100111110000110100110
110010000100010110010101001111010010100110101110011011111111010101111101111010110011010101001011000110001110001001100100100010110100110001101000110110101000011001010111001010001000110010011101
001100001011001001110110100001110000000100100010101100011001110111111000010011010100001101000111010111110010111101100110000110011100001000011111100111101010011100100010011110001010000101001111100101100111101000101101100011110100001110000011001111101101000010100011010111001110101011101101011010001011111000011100110011110010010011100000010100011000111001000000110111100110110100111111010010000111011001000010000011111100001010111110000001111111000100001100110101101110001110010110110000110
000110000001011001110100101001101000000010111010111100010100011111011010101001000010011001101000100001110000100100101110000100010011100110001001010001011001100101000111111001001001100011101110000011101111011110100101011001001010100011100111101101100000101000000100000111000010100011001110110000010001101101101000101000011010111111111000100100110010000001011110001100100110101010010011
1010110110011011110100001011101100100011010111000100100001001110000001101100001011011010010111111110100010011110011011010011100001011110111010111011110011100010111100101100110101011010011010001110110000110100001111010111111001010010101110100011110101010000101111101011001100000110000100110101011110000111011000010000011101000000000101000101100010011000110010011001101111011010010010011010110010101010101000110111110111100101011111101111100111100110110101100010110001011010001010001100010
10011111010001001101011101100000011100000000010100001001111010011101101110111101010110101001000111011000001110011010000001111101010010010000001110110111000000101100111011010101010000110110001111000101100100001000001110110011011
000100001000110111001001010000100100101011100111100000001011001011100011101010100110111010100101011010110010100101010100110100010111010011000100001111101111110100101110111101111000010
0101011010101000111000111111010000101010000001010011000110011010110011101101001100011000010011000010000110100011010110001001101000000000010011110111011111001000000100101110000001100111001000000011101010111111011000100000001110001100010101000100111001000111011111111101100110000100010000101010011101011010111101100111101111110100000011000110100111010001110100110111011010000110001001110101110011110101101011
0110100001011111000011001001011000010010010101010011011111010110101100101110111100001110110101011100010110101011011100011011110100100101111100001001001000111001010010101011000100100000001100001010001010110110101101101111110
01101000000111111001001110101101010110000010101011111000010101100100100001011110001000001110000010010010111100100100110000000100111010011
0101110011100100101101011011101110011110000010101011101000011100101010100101011101011101000110110110100000100110011111011001010001000000110101100011010110010000000010000010101100100101001011011110110111001110100100101000101010111100100011010100110010000110101011000011010001000000010001001101111110010110010011010100000001110001101110110001101111101001110110001110010010100
1010010001110011100010110010010110011011000010100001000101111100100011010011011111011100011111000011110111000111111001011100100101000010100011100011010110101111111111101100001100001010000101110001100010100011011111011
110000010010000101110101110110101100001000010001100111100
111111011000000010101000011101011000110010000000010000001111011111000000000000010010010001100000000001001000111110101101011001001101011110101010000110010000100110011011001111111011010010011000100001101110010111010100101011
01100000110011000111101110001111101101110111
1000100111010001110111101110001
01011001010011110001100011111010101100001000101000110101010010000110111001111011011001110011011001000100110001000111000001100000110001010000001010110111001000101101001111111010011100010
10100000001110011110101010011000001101101011010101011110111010100010101010110110110001101000010011100011000001110111001111011000011010110100111101001100100000001100111011000010101011101101110000000101101100010100010101010010
1010001111111100100001011110001100110101010100110111010100100010011001101011001110010000001000111011011110010101000011011101010110111000111100100101011101100101111011000001011000011101010010101010011011110100
01010111110101010111011110100110111100001110001010111000110101010101011100100001010000011100001100001111111011100000001010000110110000111010110010011010010011100110100011100101011110110011101000011000010001
001111101110000000111111100011011110000011011001111000001000101010010011101101010100000100110011111110100011100110110000011100011100011010100010011110111101110101100010100100111100111000001011100011001010011101110111111000110111011001000100011000110010011101010010111101100001000000011001100101010100010
111010010101100011110111011010101000011000110011101100001010001101110010011110001111101100100
1100000111000110100111100110110000001000100101011000111000011010110000011011010111000101100010001101101000101000100111001100110000010101111011001000100
1110001001110101111011101111110101101000101111000111000011100111011010010101010001011010100110011010011000101111010111101010000101101101110011110011101100100110110000110111000001100010101100011011100101000010000011000110011100110100
01100100
011111011000000111011110000001010100101011110101001000000101000000010
1110010000110101100010010011100111100101010000101100100011101111111101001111101001110111001001110000111000010100110101000100011011110010010010101111011000011111100101001010000111010100101101011000100001001010110110000110011010010011001101000011010011111010011101001111011111010001011110100110010101011000100110111000010001000011000100110101110010100100111110010000001110011111101101010100111010000011010100000110111100101100100101001101101101010101101011101110110000111111010000100001111110100100
10101000010000111000011001001101111010011011100011010011101111000101100001010011100001111000100100010001100
00000000011110000010110110000100100110111000000111100111100110000011100001111100110110100101101100110100011001011110100110000111100100101100011100110001001111001011100010001011010110010001101010001000010010111000011110000001001100011010001100111100100100111001000111110110101011000000011110
00111111100110110010010111011001110001111110001000011101000110001100001010010011000010110111111000010011011110000001011000011110101100101011011111010100101110110000011110000111011011001110001000101001001000001110011110111111100000110010011000001110011101011010011110100000001000001011110000001110010010001101001100111101100001100100000100000111100000011001111001001011011001111001001101010110011010110100010110100010101111100000111101101100110110100111001011
01011100000111110100111111000000101000000011110101100010010010101011011001010010100011011010001110011001101100100001100000100001001101111001001001011001010110010101010111111001000100111100101100001101010110010011100010100010001011110101001000110101111010000101010000000
111001000111111010111000000011100000101100011010
111111100011111011100101110111100110000001100001011001101010110101101110000010011110110011000010111000010011010010001000100001010111100001111010010110100100011100000001110011010001011000011101001001111100000010110100101001101101001111001000000010100000010101111000100001111110100110011000111
11100110001111101110111100111001111100010101001011010000010110001001000111001000101101000001000100010101001101110110011111011000001011011100101110111000111111100001101001011000010000011001111111100010111111100100000100000111100101100010100100000011001010001011101100111111111010110000000100110001100011110011001101101
011100101001001111101000
01000101111111010100011011111101001010101010110110111010101011111111101001100111111010111010010101010010100110101010
01101000000101100011010001100000100001001011110011110100010011011111001100001000010000111111000111011100000110011011000100000001000100100111110010010010011001101111111001100000001010110000110011000101001101100001110110100111011100010100010010100011000011100110111101100110100100110110010001010000110001010010001111110110011011010010011010000011100111111010111110111011101100110101110011000011001000110010001011100101011
101100111001010011011111001010001011010111100100011100110011001101100101011100101001010110010010100110001011000100001110101100110100000101101111101011001111000010010011101011101100000111011000000011101110000110110101001101101110001110110100111100100011111000111000000010010000011010101110101001101101110110010
111101011110011111010100110100000110011100101110011010001010110101110000001110110011
110100010111001011010101011100111101110101010111100110001111100000111110111110000010000111011011011000011100100000000011110010001101101011100100101100110101101011001100011011100000010000000101101011101000110110001
0000000011101010000100011011011011111110000110010001010011110111000010010111111111000001010000010010011100011111111101100101100011010101010101011111001111010011110101000100000101001110111110001000100110001011101011000010010000011010110010100001100001011011110011000101111101010010011100011011011
0001110111111011010010111001111011111000111000001001110010101001000
001100
00100001111101000011011110000010110110001111011010001110100100111100100011110101101111111001001111110111011001111100001100000111100110011111000111011101111100110101110001111001100001110010000010111110011111000100011010010010101010011100110100101000101110100001110001110100010100010101001000011001111101101101100010110101100000101010010100000000011101011010110011010101101001010101100000011000000010111011110000110101100010111110111010011010101111
1011110001111001011100001000111010001000001101000011011111111010011001001110010110011101100001011111111000001111110011101101100001110010001110000101001111001101010110110011111101001111001110111101100101011101100011111110100010110001110001011001110101111101010010111010111011111001111111010010011010000101100000110001100001010111111100110
100110101101110101010100100000110101101010101011110100110110110100100001001100011000001111110100010001001101000110110100001011011101001111010011000111111010100010110101001000100010101001001000001011011101111111101100010110100001101011100000110101100111101000110010100010000010101110111011001110101100000010000100
1111000011100011011111010001001110111110010011110100001011011110001111110011100011001100100001101010101100000100000110001011101000000111101111111100001
000101101101000101110001000011111111001100000100011111011010100011111101110100101010100001100101001111100110101000010011001011111010000011101001000110010110001010010111001001110001000011011010001111011010111111011010101101101110001101110011110001011001100011011101001000101101
110110010001011100001001001110001111110111010100000111111000010001110101000101101010101000111111100110100110000000010001010101011010000011100100100000101111011110110001111101000000011100000111101101100010010010011101011000101011101111010010111010011111001111001000101100110101100011111100011111001111011001111110000110011110010100001101010101001001000011010101101000101100000100000101010100011111101111111101010000001011110011101010001100101101101111000101010011010010000110
0111000011001101000000100101001010011010110001011011001011111011010110101010111010110011100001101000011110101000011010100110100000000101110000000111100101111010010010000010010011000000111010001100101100111010111111100010010000001111110110101001111000000000010100101110100110000100000001010100110011000011111110110111010000110111111101010101110001111111101100010000101111110110101011101001100100110010101110100101001101110100010011001110111101001010101100001001111001000110100
01010010010110001000100101111111001000001010100000010000011101101011011100110110101101000100011110011101010000110000001001100001000100101101110100001101011011110110100010110100100010110111001010000001110101101101100110110000000011100011101011101000010010010111001000110001010110011000001010010101010000000011011111111001000010110000000001001110000100000101101
0110111111100000001000001000010001111000110110111011010110001001110010001010101010111110110011100110110000010111101000111100010111101111110011101011001111100011100011110111000011111010100001101101000111001000110001111110110000110100000010001011101110101110101001001000011110110001010001011111010110011111100100001001100110011011110001111101100010101010000101010100011011101110001100100101000010000101011010011101
100101100000000001011001110010010100010010100100100010100001010000000011101111000001001001000000101100010011110110010100100100010101110111000001101101011001101111000111000100010110011110100000100010100110110011010011000000010110110101100101001
00000010011001010000100010101001000001000011110101111010010111101100010011101011100000011100010101100011101000110011000110110000101100010101110110010
011001001100000001100010110000011111010000001101011010001100111100011011111001100001011000011101110011101001110110001101101011000000010111000010110000000101001111110101001110101101101110000111000010101010000110001010010001001001111010010001001100001011011111000101100100010101101010111001111100000011000110011
1001111101000101101010011001110010100110000010101100110010101100000011011110
